0 9 6 0
0 0 57 73
0 9 6 0
0 0 57 73
0 9 6 0
0 0 57 73
0 9 6 0
0 0 57 73
0 9 6 0
0 0 57 7d
0 9 6 0
0 0 57 7d
0 9 6 0
0 0 57 7d
0 9 6 0
0 0 57 7e
0 9 6 0
0 0 57 7e
0 9 6 0
0 0 57 7e
0 9 6 0
0 0 57 7e
0 9 6 0
0 0 57 7e
0 9 6 0
0 0 57 7e
0 9 6 0
0 0 57 7e
0 9 6 0
0 0 57 7e
0 9 6 0
0 0 57 7e
0 9 6 0
0 0 57 7e
0 9 6 0
0 0 57 7e
0 9 6 0
0 0 57 7e
0 9 6 0
0 0 57 7e
0 9 6 0
0 0 57 7e
0 9 6 0
0 0 57 7e
0 9 6 0
0 0 57 7e
0 9 6 0
0 0 57 7e
0 9 6 0
0 0 57 7e
0 9 6 0
0 0 57 7e
0 9 6 0
0 0 57 7e
0 9 6 0
0 0 57 7e
0 9 7 0
0 0 57 82
0 9 7 0
0 0 57 82
0 9 7 0
0 0 57 82
0 9 7 0
0 0 57 82
0 9 7 0
0 0 57 82
0 9 7 0
0 0 57 82
0 9 7 0
0 0 57 82
0 9 7 0
0 0 57 82
0 9 7 0
0 0 57 82
0 9 7 0
0 0 57 82
0 9 7 0
0 0 57 82
0 9 7 0
0 0 57 82
0 9 7 0
0 0 57 82
0 9 7 0
0 0 57 82
0 9 7 0
0 0 57 82
0 9 7 0
0 0 57 82
0 9 7 0
0 0 57 82
0 9 7 0
0 0 57 82
0 9 7 0
0 0 57 82
0 9 7 0
0 0 57 82
0 9 7 0
0 0 57 82
0 9 7 0
0 0 57 82
0 9 7 0
0 0 57 82
0 9 7 0
0 0 57 82
0 9 7 0
0 0 57 82
0 9 7 0
ad c2 ff 2a
0 9 7 0
0 0 57 82
